4%3%3%
0.164765488725814
-0.2337267980056842
0.24530651574091722
0.19799498160504422
-0.1947865535029473
-0.33063843510047897
0.31302448039178093
0.3423148759323798
0.3153201860243729
-0.16457864688029092
0.09711222296224016
0.1527242340609465
0.07453881776929448
0.027835471922552233
-0.6890567159895773
-0.13256783156552404
-0.034472655698324715
-0.27809514730951707
0.3313253897577203
-0.012634613286248235
-0.07191135155324706
-0.013398323201280163
0.19294288374345425
0.8624712866009577
-0.501986281998932
-0.14655860644808483
0.5128934719491646
-0.4873908736778206
0.03844951647633104
-0.6150542494900797
0.04783785479429394
0.11939118822100836
-0.4762412679994421
0.20533982438692597
0.057969016057181404
0.12990254008898292
-5.1091537055157845e+33
