4%3%3%
0.23720736283326246
-0.936749240800479
0.2237458854617688
-0.26433346736379143
-0.23835067907472704
-0.1612127233437627
0.24745408091643717
-0.1648355109031298
-0.16251226953695758
0.1292716211339687
-0.12957766709863908
0.06430785490365339
-0.4147654942525257
0.4560424528770232
-0.3389342737689736
0.0364051369123263
-0.05104684447295741
0.0706315472061043
0.19798428409002297
-0.49262636638928753
0.09824975701471726
-0.15951074927007833
-0.590914417735673
0.35456571224060013
-0.4063554385778317
0.12914476043320805
-0.31080216089053625
0.10280704127781527
-0.03021900878367184
-0.4019767803101264
-0.7029715282303198
0.16344988084563342
0.7902222340871609
0.647323919365146
0.12149489916204559
-0.05035685993334518
1.8810414542941095e+34
