4%3%3%
0.16360472463330714
0.009263551357138347
0.2946190208829445
-0.46885797149417124
-0.07819170897187884
-0.23767892398629145
0.059617609520126486
0.45114583571667444
0.31874696501139066
0.2595051835193053
0.5056302094110382
-0.03871780837062761
-0.49027183700205046
0.0035444617377135405
-0.25772165347337855
0.02758061581898569
-0.1542012009740839
0.1129861187494115
0.08214956871194457
0.7369666032184347
0.65808906723418
0.10107623890228383
0.15759035033423888
0.4428710975456311
-0.13214753010243152
-0.16914496358574135
0.1051641523166072
-0.32466913707955786
0.06082143577631474
0.20799630013572093
0.2142533326323187
0.0707881219229406
-0.2656269689934581
0.35509243697341164
0.07528746034470167
-0.2587614024029501
-1.7819655460778522e+33
