4%3%3%
0.23158156978331088
0.14906425591387756
0.5437453988725843
0.12146163027023572
-0.3763889711967412
-0.5710115056337949
-0.3704706217891138
0.319649713787258
-0.5076554715773305
0.4673627206832409
0.4777476725298668
-0.13137477240269504
-0.1420203038792906
0.6513641125119728
-0.8816218233405655
0.3401070155815862
-0.2262015639331734
0.08419271246255204
0.07813802842764041
-0.19801742855578805
-0.46412658993576034
0.01744695816672986
-0.11838017128994138
0.3301164787954585
0.43610894512194726
-0.39924858045295014
0.03652803684502468
-0.00666137582240417
-0.2808615435246629
0.20889610905364867
-0.11653389345289587
-0.5232960599777446
0.2353172642654089
0.018472579631831482
-0.7811309984551497
-0.49791077729658073
7.630626524449152e+32
