8%20%
180.06401224085943
182.025390607426
180.6717183861518
181.2262187746826
180.72785019122654
180.31157576985794
180.17475057566008
1262.4203883835385
1262.2445586148515
1262.2508614193553
1262.6983305328718
1260.845877802395
1261.9831430999739
1263.849949786215
1261.7243033181203
1262.068754475465
1262.1807089451079
1262.4010522819092
1262.6117384099937
1262.1494907359047
184.40943693048536
185.3670328791076
186.90156217523156
185.71132970589082
186.14422064265509
185.9477542828613
185.4426790307168
1294.6396657826922
1295.1584227735034
1294.308095541604
1293.8294805088622
1293.9497307622728
1294.7681238000837
1294.6973039101385
1293.5525065857769
1294.7820176157243
1295.048789426694
1295.152520318913
1293.7431841512466
1293.7366100279974
190.08164155930393
189.0497632769236
189.59744115371836
187.31890590512936
189.08905259647116
188.9789609966901
187.87868714212985
1322.795253941615
1319.5588629345361
1319.0602433809552
1319.741483945763
1319.1180805054953
1320.0500961227467
1319.6347480348077
1320.5867352111475
1320.929623506684
1319.1910340214401
1320.3374565375304
1318.7501218736443
1319.9729255267534
193.74730138433367
193.11119256453702
195.11369444797094
193.51955267764845
192.41631960025575
193.66825999272265
193.37939892723517
1355.2908334352885
1355.1568043439222
1355.0016185404743
1356.6332301589794
1356.5631362879283
1356.3047305067691
1353.9261827894632
1356.0691659290173
1355.5898911293154
1355.0000715163033
1354.5542829732863
1353.3561088040447
1354.3573683746365
1.2579165267247487
0.9139949247622546
0.12975614818594747
-0.8681376129939817
-2.013491173100362
-1.8476723952952532
-0.7810674542244327
-1.2591433227070798
1.932441648709645
0.44710424149697814
2.3886392548735347
0.3705772473689455
1.7625868862573195
0.8792298401597469
2.264529153036257
-0.4556642660741801
-0.18170662632086693
2.104254234806096
1.3054074183512359
-1.1400675488664
193.77986589050727
195.7655441323744
194.23245743281103
193.4882901889825
194.287289032198
192.8355747471912
196.40283525533616
1362.0396804074246
1361.3633131922516
1362.8685065474574
1362.7026576140602
1363.943509214308
1360.3225657470489
1362.6873642653093
1365.181775781651
1364.2076743410335
1360.5280634802318
1361.9447790217964
1362.0982671341087
1364.0102979045182
195.8264599933843
195.00283342418572
197.71367967132653
193.25529216326015
195.37488539224012
196.11978809975528
193.2195064467642
1369.9863466568952
1369.6975689029448
1368.72690379872
1370.7539076537257
1369.5600378404836
1369.001916561596
1368.9841121930278
1369.4841912476252
1369.042828321835
1370.741922804464
1369.9447913470242
1368.3622304245666
1370.0204589083658
7.20337036964843e+21
7.208027040597622e+21
8.099620597776853e+21
8.105671847731396e+21
7.203295732040772e+21
7.203750395647854e+21
7.205339081239743e+21
6.6338290314582805e+22
5.226292722486585e+22
52229075064682.72
52229075064683.875
5.350710941938348e+22
5.2241578417618304e+22
5.223467784667296e+22
5.479597955544408e+22
52229075086460.8
5.603454355515789e+22
52229075064682.016
5.209654785643921e+20
80990523210230.86
1262.5887287883852
1294.4033938549453
1319.0667263685432
1354.679409799612
0.0039677014098853285
1362.193003998965
1370.4168382959904
5.2229075064682675e+22
