20%24%
-7.427628826153531e+16
-7.427628828478726e+16
-9.12114831302517e+16
-7.427628826800426e+16
-7.427628829173664e+16
-7.427628827740346e+16
-7.427633079940277e+16
-7.427630484152069e+16
-7.427630482859171e+16
-7.427627824746751e+17
-7.427630947078206e+16
-7.427628348594366e+16
-7.427628297658345e+17
-7.427628297656608e+17
-7.427628297692127e+17
-7.427628297634845e+17
-7.427628297634845e+17
-7.427628297651588e+17
-7.427633079571304e+16
-7.427630481595542e+16
-7.427628297634845e+17
-7.427628037925125e+17
-7.427628083989485e+17
-7.427628297634845e+17
4.1198017549452227e+18
4.119801749111864e+18
4.241086381161323e+18
4.119801749111864e+18
4.119801749111864e+18
4.119801749111864e+18
4.12000674184869e+18
4.1198017499198397e+18
4.1198017499198397e+18
4.1197812499946635e+19
4.120006735337623e+18
4.1198017492421376e+18
4.119801749255318e+19
4.119801749255318e+19
4.119801749255318e+19
4.119801749255318e+19
4.119801749255318e+19
4.119801749255318e+19
4.12000674184869e+18
4.1198017499198397e+18
4.119801749255318e+19
4.11978125064577e+19
4.1198017486042325e+19
4.119801749255318e+19
-2.681842710386733e+20
-2.6818427057457345e+20
-2.8631107241677406e+20
-2.6818427056685387e+20
-2.6818427057773534e+20
-2.6818427057111856e+20
-2.6818477575207993e+20
-2.6818426948349818e+20
-2.681842694761444e+20
-2.681842172999751e+21
-2.681847740949267e+20
-2.6818426828727147e+20
-2.6818426804524123e+21
-2.6818426804523316e+21
-2.6818426804539564e+21
-2.681842680451342e+21
-2.681842680451342e+21
-2.681842680452103e+21
-2.681847757500559e+20
-2.681842694701526e+20
-2.681842680451342e+21
-2.681842174650152e+21
-2.6818426787781416e+21
-2.681842680451342e+21
-3.140621720497847e+19
-3.1406217162957935e+19
-3.3531226078907777e+19
-3.140621715572597e+19
-3.140621716591945e+19
-3.1406217159720116e+19
-3.1406287913583256e+19
-3.1406215193181213e+19
-3.1406215186271003e+19
-3.140620750226232e+20
-3.140628769907148e+19
-3.1406215017694183e+19
-3.140621479071022e+20
-3.140621479070266e+20
-3.1406214790854954e+20
-3.140621479061e+20
-3.140621479061e+20
-3.140621479068124e+20
-3.140628791168058e+19
-3.140621518065406e+19
-3.140621479061e+20
-3.140620752307803e+20
-3.140621476765597e+20
-3.140621479061e+20
-1.184463068998894e+16
-1.184463069443438e+16
-1.8386855469613252e+16
-1.1844630691814598e+16
-1.1844630695544316e+16
-1.1844630693324268e+16
-1.184464337279522e+16
-1.1844629882938944e+16
-1.1844629881107114e+16
-1.1844628408829061e+17
-1.184464334482952e+16
-1.1844629850252354e+16
-1.184462976078881e+17
-1.1844629760786162e+17
-1.1844629760842173e+17
-1.1844629760751325e+17
-1.1844629760751325e+17
-1.184462976077816e+17
-1.1844643372364074e+16
-1.1844629879264488e+16
-1.1844629760751325e+17
-1.1844628411505971e+17
-1.1844629757343678e+17
-1.1844629760751325e+17
-4.6360714718692275e+17
-4.636071282262724e+17
-6.118055661703837e+17
-4.6360712812227354e+17
-4.636071282696092e+17
-4.6360712818098874e+17
-4.6361314867108883e+17
-4.6360727646499846e+17
-4.636072763890516e+17
-4.636064921760067e+18
-4.636129532926487e+17
-4.636071000287627e+17
-4.636070970272231e+18
-4.636070970271161e+18
-4.636070970293233e+18
-4.636070970257581e+18
-4.636070970257581e+18
-4.636070970268032e+18
-4.636131486508387e+17
-4.636072763121782e+17
-4.636070970257575e+18
-4.636065117079162e+18
-4.636070774655775e+18
-4.636070970257575e+18
-1.9077037832355412e+18
-1.907703748513662e+18
-2.032967576245318e+18
-1.9077037480804332e+18
-1.9077037486908861e+18
-1.907703748319596e+18
-1.9079073125905454e+18
-1.907704595977532e+18
-1.907704595561904e+18
-1.907683237091905e+19
-1.9079063019720911e+18
-1.9077036198998948e+18
-1.907703606292445e+19
-1.907703606291992e+19
-1.9077036063011123e+19
-1.9077036062864445e+19
-1.9077036062864445e+19
-1.9077036062907097e+19
-1.9079073124764762e+18
-1.907704595225488e+18
-1.9077036062864445e+19
-1.9076833381155025e+19
-1.907703505134626e+19
-1.9077036062864445e+19
1.3265553239152203e+21
1.3265553237766048e+21
1.4489899929704734e+21
1.3265553237766048e+21
1.3265553237766048e+21
1.3265553237766048e+21
1.326555525424882e+21
1.3265553238509835e+21
1.3265553238509835e+21
1.3265553036117767e+22
1.3265555252118872e+21
1.3265553237766048e+21
1.3265553237766046e+22
1.3265553237766046e+22
1.3265553237766046e+22
1.3265553237766046e+22
1.3265553237766046e+22
1.3265553237766046e+22
1.326555525424882e+21
1.3265553238509835e+21
1.3265553237766046e+22
1.3265553036330765e+22
1.3265553237553053e+22
1.3265553237766046e+22
-3.092688213934357e+18
-3.092688081964758e+18
-4.707053059938777e+18
-3.0926880819646925e+18
-3.092688081964686e+18
-3.0926880819646925e+18
-3.092788651735264e+18
-3.092688894769702e+18
-3.0926888947696364e+18
-3.0926780249874465e+19
-3.092787706960216e+18
-3.092688081964522e+18
-3.0926880819645272e+19
-3.0926880819645272e+19
-3.0926880819645272e+19
-3.0926880819645272e+19
-3.0926880819645272e+19
-3.0926880819645272e+19
-3.09278865173533e+18
-3.0926888947696947e+18
-3.0926880819645272e+19
-3.092678119464951e+19
-3.0926879874870825e+19
-3.0926880819645272e+19
-2.864730444686904e+26
-2.8647304194779462e+26
-3.137289490909325e+26
-2.8647304194779455e+26
-2.8647304194779476e+26
-2.8647304194779455e+26
-2.8647986076167904e+26
-2.8647304398052197e+26
-2.8647304398052186e+26
-2.86472360066406e+27
-2.864798562080155e+26
-2.8647304194779476e+26
-2.8647304194779453e+27
-2.8647304194779453e+27
-2.8647304194779453e+27
-2.8647304194779453e+27
-2.8647304194779453e+27
-2.8647304194779453e+27
-2.8647986076167917e+26
-2.8647304398052217e+26
-2.8647304194779453e+27
-2.864723605217725e+27
-2.864730414924326e+27
-2.8647304194779453e+27
-2.704963008788574e+27
-2.7049359887694674e+27
-2.735716239656113e+27
-2.7049359887691386e+27
-2.704935988769138e+27
-2.7049359887696697e+27
-2.7075144761577375e+27
-2.705646475952496e+27
-2.7056464759526976e+27
-2.7046781400302455e+28
-2.7067769689312524e+27
-2.7049359887696697e+27
-2.7049359887691385e+28
-2.7049359887691385e+28
-2.7049359887691385e+28
-2.7049359887691385e+28
-2.7049359887691385e+28
-2.7049359887691385e+28
-2.7075144761580674e+27
-2.705646475952496e+27
-2.7049359887690853e+28
-2.7047518907528945e+28
-2.7048622380489454e+28
-2.7049359887690853e+28
1.0310361153147275e+20
1.0310361120984764e+20
1.3881236339394147e+20
1.031036112098476e+20
1.0310361120984318e+20
1.0310361120984764e+20
1.0310507772202351e+20
1.0310360978058935e+20
1.0310360978058931e+20
1.0310346455863002e+21
1.0310507882965443e+20
1.031036112098432e+20
1.0310361120984762e+21
1.0310361120984762e+21
1.0310361120984762e+21
1.0310361120984762e+21
1.0310361120984762e+21
1.0310361120984762e+21
1.0310507772202353e+20
1.031036097805849e+20
1.0310361120984762e+21
1.0310346444786649e+21
1.031036113206117e+21
1.0310361120984762e+21
-7.608445964993117e+17
-7.608445964812595e+17
-8.839315822209097e+17
-7.608445964812593e+17
-7.608445964812598e+17
-7.608445964812595e+17
-7.608454791330826e+17
-7.608445965672122e+17
-7.608445965672119e+17
-7.608445082158973e+18
-7.608454790289286e+17
-7.608445964811103e+17
-7.608445964810946e+18
-7.608445964810946e+18
-7.608445964810946e+18
-7.608445964810946e+18
-7.608445964810946e+18
-7.608445964810946e+18
-7.608454791330825e+17
-7.608445965672113e+17
-7.608445964810946e+18
-7.608445082263126e+18
-7.608445964706798e+18
-7.608445964810946e+18
-5023776818077382.0
-5023776784743539.0
-1.3023396403623314e+16
-5023776784743004.0
-5023776784743272.0
-5023776784450140.0
-5023843993563086.0
-5023777746594821.0
-5023777746300131.0
-5.023770062128214e+16
-5023842996959564.0
-5023776783034087.0
-5.0237767831518376e+16
-5.023776783151695e+16
-5.023776783151779e+16
-5.0237767831513544e+16
-5.023776783151288e+16
-5.023776783151278e+16
-5023843993554440.0
-5023777746587550.0
-5.0237767831802344e+16
-5.023770161787761e+16
-5.023776683491289e+16
-5.0237767831802296e+16
1.721096669056012e+19
1.7210966690100746e+19
2.6699665258043003e+19
1.7210966690100746e+19
1.7210966690100746e+19
1.7210966690100746e+19
1.7210984799725021e+19
1.7210966692948247e+19
1.7210966692948247e+19
1.7210964879138554e+20
1.7210984796418351e+19
1.7210966690100957e+19
1.721096669010096e+20
1.721096669010096e+20
1.721096669010096e+20
1.721096669010096e+20
1.721096669010096e+20
1.721096669010096e+20
1.7210984799725021e+19
1.7210966692948247e+19
1.721096669010096e+20
1.721096487946922e+20
1.7210966689770294e+20
1.721096669010096e+20
-1.5988488809436487e+25
-1.5988488806837347e+25
-2.6916209411492203e+25
-1.5988488806837338e+25
-1.5988488806853857e+25
-1.5988488806837338e+25
-1.5988489613156709e+25
-1.5988489524228457e+25
-1.598848952422845e+25
-1.5988488726205394e+26
-1.5988488893166447e+25
-1.5988488806853857e+25
-1.598848880683733e+26
-1.598848880683733e+26
-1.598848880683733e+26
-1.598848880683733e+26
-1.598848880683733e+26
-1.598848880683733e+26
-1.5988489613156722e+25
-1.5988489524244978e+25
-1.598848880683733e+26
-1.5988488798206078e+26
-1.5988488734838306e+26
-1.598848880683733e+26
8.386839159328449e+19
8.386839158738505e+19
1.0881306060370423e+20
8.386839158738505e+19
8.386839158738507e+19
8.386839158738505e+19
8.386841687115986e+19
8.386839165371859e+19
8.386839165371859e+19
8.386838905900757e+20
8.386841679892685e+19
8.386839158738507e+19
8.386839158738508e+20
8.386839158738508e+20
8.386839158738508e+20
8.386839158738508e+20
8.386839158738508e+20
8.386839158738508e+20
8.386841687115986e+19
8.386839165371859e+19
8.386839158738508e+20
8.386838906623087e+20
8.386839158016182e+20
8.386839158738508e+20
1.239232207796909e+26
1.2392295737354574e+26
1.279307274792894e+26
1.2392295737350621e+26
1.239229573735064e+26
1.239229573735089e+26
1.24769784225586e+26
1.2392306078366643e+26
1.2392306078362956e+26
1.2383827468829425e+27
1.2476941740716524e+26
1.239229573735091e+26
1.2392295737350618e+27
1.2392295737350618e+27
1.2392295737350618e+27
1.2392295737350618e+27
1.2392295737350618e+27
1.2392295737350618e+27
1.2476978422562556e+26
1.2392306078366662e+26
1.2392295737350593e+27
1.2383831137013634e+27
1.2392292069191883e+27
1.2392295737350593e+27
4.5727272884787945e+23
4.5727272716153094e+23
4.774350412079671e+23
4.5727272716153094e+23
4.5727272716153094e+23
4.5727272716153094e+23
4.572879906910767e+23
4.5727272715465725e+23
4.5727272715465725e+23
4.5727120080857645e+24
4.572879890116017e+23
4.5727272716153094e+23
4.57272727161531e+24
4.57272727161531e+24
4.57272727161531e+24
4.57272727161531e+24
4.57272727161531e+24
4.57272727161531e+24
4.572879906910767e+23
4.5727272715465725e+23
4.57272727161531e+24
4.572712009765239e+24
4.5727272699358425e+24
4.57272727161531e+24
-1.296008747255861e+32
-1.2960085193215036e+32
-1.4771379798256889e+32
-1.2960085193215036e+32
-1.2960085193215036e+32
-1.2960085193215036e+32
-1.296042451013995e+32
-1.2960085193215036e+32
-1.2960085193215036e+32
-1.2960051261522543e+33
-1.2960422230796357e+32
-1.2960085193215036e+32
-1.2960085193215036e+33
-1.2960085193215036e+33
-1.2960085193215036e+33
-1.2960085193215036e+33
-1.2960085193215036e+33
-1.2960085193215036e+33
-1.296042451013995e+32
-1.2960085193215036e+32
-1.2960085193215036e+33
-1.2960051489456902e+33
-1.2960084965280685e+33
-1.2960085193215036e+33
-7.427628346020406e+17
4.1198017492422754e+19
-2.6818426827566193e+21
-3.1406215006820014e+20
-1.1844629845833974e+17
-4.636070998700849e+18
-1.90770361924864e+19
1.3265553237766046e+22
-3.092688081964528e+19
-2.8647304194779453e+27
-2.7049359887691385e+28
1.0310361120984762e+21
-7.60844596481112e+18
-5.023776783309459e+16
1.721096669010096e+20
-1.598848880683733e+26
8.386839158738506e+20
1.2392295737350618e+27
4.57272727161531e+24
-1.2960085193215036e+33
